any
300
7.0
1.0
2.0
0 1.2979086770569677 2.444821524462771 0.02401185186757737 0.017984186661884966
1 1.0695524289100806 4.488519555176019 -0.02748504229326594 0.012023828430969167
2 4.444695303083445 6.529322491458757 -0.015249419291294477 -0.025835154562694137
3 4.828183666197765 0.2375357064956206 -0.01582200044072849 -0.025488513139325868
4 2.6887905772151734 2.127834298979793 0.006019034952529643 -0.02938998499897927
5 2.061149056132939 1.839470760463868 -0.0014286375613369925 0.029965963937746722
6 1.8727396431463526 5.102548320966722 0.008100538908684228 -0.028885658541720885
7 5.41501987141607 3.7874277828850778 -0.0009097397800172833 -0.029986203052948437
8 0.3479010512378041 4.879596563455934 0.014964857649204221 0.026001019894209033
9 6.086445717036287 1.2891148532362373 0.023392893694426785 0.01878223960557546
10 5.601918333687383 1.0196766336843366 -0.0038806747021555084 0.02974794722087644
11 0.14192591674331856 4.01070703796027 -0.02872263828402966 -0.008660834255705024
12 3.313292015775442 2.385967555919545 -0.02142274276481516 0.021001573570391327
13 2.3210348541218404 4.806851848476832 -0.01641080826577409 -0.025113450023125074
14 6.619862007055938 2.668452791180204 -0.028964454109923956 0.007814115312312015
15 3.4542349434337902 4.860805653719173 -0.0032891540816800276 0.029819145954016985
16 6.945812479362801 5.579624895450186 -0.029349095830533408 0.006215349863858548
17 5.250966823654739 0.2667570687403007 -0.004647469711774037 0.02963783098133436
18 1.4383282714776917 6.72963634937586 -0.029651328720058063 -0.004560559739227167
19 4.228168403685725 0.35865460258198445 -0.029601250498177495 0.004875035276195096
20 1.9777070569934305 6.480714141768201 -0.018978764653116126 -0.02323373608014066
21 1.6934722757550764 5.241456057769287 -0.025698648722290177 -0.015478354364994153
22 0.30268310965502965 3.382299226569815 -0.020053945115759857 0.022312312414765337
23 5.988672914554266 1.9790556250254732 -0.029318738916425526 0.006357007814253126
24 5.400904639688237 0.22293208138748055 0.025196780786286472 -0.016282574673798518
25 6.567082333104929 5.268576703786287 0.009473859461482138 0.02846482016286218
26 3.9887906089178395 5.424510979352724 0.027224883981803536 -0.01260181305119772
27 0.09488971250981415 2.4917540141467427 -0.003110195150582612 0.029838342549902003
28 6.947127032207335 3.127852364865873 -0.02445886413120612 -0.017371354737359963
29 3.0355747258284183 3.529099277486082 0.010942948765340839 -0.027932988961425615
30 1.91510850240008 5.8985874658561706 0.0237534157517344 0.01832417092599979
31 6.9824641628569735 4.221476393792641 -0.005262885292103666 0.02953475983315522
32 6.974916994640976 2.786048428970526 -0.01414847088530502 0.026454125795566864
33 0.163416195620387 2.7618299759908727 -6.176871629208945e-05 -0.029999936410360733
34 1.682971479635186 6.956972604551588 0.01825166569982952 0.02380917258498637
35 3.6973996726338045 6.885618752324534 0.017701747576964105 -0.024220820232218505
36 5.734244763109721 4.641737294504278 -0.025015946910420615 -0.016559057949503565
37 4.828404310925209 5.0617671287965065 0.006124990859904255 -0.029368086198560663
38 6.111982108857157 4.431643690913892 -0.021599501308393627 -0.020819739268989466
39 6.475286375146299 6.982560082098773 -0.020884807713970673 0.02153659227339532
40 0.5601107642533409 3.757756769324547 0.019578328808905514 -0.022730794993804777
41 3.761936659928811 3.5665435969461665 -0.02068572891294925 -0.021727876549262132
42 4.004156254723797 0.02911747634776818 0.02840750138104198 -0.009644369615796457
43 0.97094132730171 4.998618398272563 -0.023287282882168563 0.01891302344856208
44 2.7052359615652897 4.797204310441952 0.029901802151518442 0.002425330511795658
45 6.271881775321372 2.2192464049914884 -0.0047971244979980055 -0.029613976371819898
46 4.890484157473283 2.715790963621406 -0.024830591022707252 0.016835728361524784
47 3.8698478861214767 0.36617050757822833 0.029766236566443553 0.0037378015825507175
48 2.2773967321110473 1.893393412730362 0.015082145381001081 0.025933161988202436
49 1.3211427465522285 5.96458283050136 0.020719013529559044 -0.02169613971106264
50 3.914120731877511 4.007452368929843 -0.02849677052696667 0.009377316755522532
51 4.794758630377078 4.604628360773364 -0.0068009994828520486 -0.029218939166818603
52 3.733172304587873 2.8974539360448204 -0.028152505072443698 -0.01036515596342051
53 1.110725876576521 1.1342709677672689 0.02596752156238744 -0.015022909968010303
54 5.489934479217485 5.279043987895404 -0.029934560847641054 -0.0019804208792262947
55 2.6399570926733995 2.0213034921399355 0.004510335520774759 0.02965900998836673
56 5.6184449694226615 3.9468800354361524 0.029689553910652297 -0.004304693785447567
57 1.5453785486541431 6.029059399100502 0.018029626768678832 -0.023977751324553757
58 6.039394792308219 2.2534353243337355 -0.023766095131688994 -0.018307723020395208
59 1.2866126294229046 0.8042746782203095 -0.02915287616740601 0.007078828375366268
60 6.632751197101556 2.651636092728788 0.017695262321727485 0.024225558638868404
61 1.9052623807064375 3.6662137678850666 -0.022663370148229223 -0.01965633876194528
62 0.7988641884517761 6.360593286358424 0.019786288923405854 0.02255000600087518
63 0.7099158849341906 5.575744987690451 -0.029976635897286878 0.001183765298313664
64 3.3908281172559747 2.462027473679902 0.005895377849509443 -0.029415039010878656
65 4.204026035993922 6.69997187086627 0.0012804935653942314 -0.029972659812385418
66 3.175305530756124 1.4083984051718679 0.009552707070394763 -0.02843845614000925
67 3.81559801620817 1.0553652019614956 -0.0258340521378925 0.015251286835433003
68 1.161463599608218 6.349829422874432 0.01032448178404027 -0.02816744709573483
69 1.8975055183181393 3.682276660034713 -0.017133227444571016 -0.02462625666504348
70 3.851396405850486 2.669038265729507 0.022917543675100314 0.01935939544252014
71 0.6909448789314427 3.1753715032676944 0.007337747837964004 -0.029088785754418395
72 1.159870846946601 4.162912393460594 0.029999995720367927 -1.60242911214311e-05
73 1.0773767360631776 5.243917906546608 -0.011775854129079872 0.027592195627217354
74 2.919090085731707 0.318863099001223 0.019771002260812534 0.02256340997285086
75 5.918170450744182 3.5418479875592848 -0.00668371639365845 -0.029245990069907725
76 1.1875532334345793 0.017405412949341725 0.01373235372341545 -0.026672503842252938
77 6.10829225281833 1.4165014820600983 0.013012546929588049 -0.0270309752396259
78 4.1490364737292555 4.103705082631643 0.009970187059749483 -0.028294794044021666
79 6.611935237769492 0.3731937685617802 0.013537320423423739 -0.026772018148685663
80 0.7919501459368272 1.6533116096375842 0.02043102868098239 0.02196754576726483
81 0.13403784202127367 1.6015961124577462 0.02742032657497558 0.012170689812894256
82 1.0516769339709988 3.5190909729472017 -0.029896760639236665 -0.0024867053062615193
83 5.4372864843043 5.715630903697677 -0.020910126467204592 -0.02151201085732131
84 4.647329263655514 6.433419743569388 -0.029944667218005004 -0.0018212372725530455
85 3.733339233573462 6.084136797556929 0.015668552640858792 -0.025583128388464087
86 4.260099636986123 3.0627259416835484 -0.029959311884770842 -0.0015619319418683079
87 3.943964223698506 4.727994158041547 0.009964176428068218 0.028296911282158155
88 1.302374535700971 5.967864515122254 -0.012474966355448895 -0.02728324054122637
89 6.458223362576495 6.598245603799569 -0.029813689247574052 -0.0033382530534828148
90 4.449818930876894 3.5730795418847734 0.023489653298441555 -0.01866108753312662
91 4.919567945322463 1.059368110213153 0.002869299824901185 0.029862470067206798
92 2.1204109846368624 3.1569626698282525 -0.02995596952307411 -0.0016247738096901111
93 6.567493336300153 1.6423295631292358 0.009766233134518866 0.028365836676576734
94 1.9608013637068997 2.335868080771321 -0.029537582912337334 -0.005247017790783412
95 3.656982804177937 2.966740852133713 -0.02794578869003644 -0.010910219727018845
96 2.4014015987266473 4.0133270699298045 0.02802370616286224 -0.010708496294884589
97 1.0992028056268262 5.400599214441959 0.014031129000381115 0.02651654990707999
98 2.768380159542682 2.1312381645854845 0.01280116407475981 0.027131719413466572
99 6.642618563996604 6.002052380115266 -0.0020626574978496147 -0.029929006733377648
100 6.22855688809014 6.248775185680493 -0.02950326380089841 0.005436674083904377
101 3.8103226322923875 1.7234409952245957 0.000546506217957196 -0.029995021769515923
102 5.759319823984096 0.5376453098085496 0.01847828452695753 0.023633725921673922
103 3.8456311006925565 2.7413060133264016 -0.01486979467762648 0.026055502417823978
104 2.0347876321147345 4.278981892709512 0.029073952874492756 0.007396300713990366
105 6.948671789156036 5.432518134752179 0.016941391412473614 0.02475861985267687
106 6.471382225289903 6.226447411684169 0.020202455082278005 -0.022177935175496828
107 5.555011481050427 6.547095187046568 0.01239420966264135 0.027320021355015222
108 2.6989242379084786 1.844105578586697 0.01631879196449887 -0.025173339643746257
109 5.575416208050578 1.3109762595348822 -0.029768961013924594 0.003716040924349131
110 1.99337576060974 0.9044077490838162 0.014540319615565856 0.026240790869887873
111 6.275357121110154 4.924589142514705 -0.025343331197253904 0.016053521851179475
112 5.723553842907352 4.30189503223461 -0.028326903424127574 0.009878590101838901
113 5.658902540627612 2.1852179841641264 -0.007488915576245741 0.029050234826793808
114 0.037449535890103136 4.034055300174842 0.025530713473829025 0.015753814443405283
115 1.3728952621296715 1.3781668545131542 -0.005366551344600781 -0.029516099448703644
116 5.019237697339491 5.734777155754708 -0.013413056574842607 -0.02683449111349182
117 4.628689681485832 4.8095657815026245 0.012877738153943752 -0.027095458291722274
118 0.5032869282569337 2.763782100852537 -0.022246057338746017 -0.020127417441917983
119 5.076045037898561 1.841311460345596 0.015781142758682226 0.025513830234406034
120 3.6706396015778977 5.628775860468423 -0.027190767618378096 0.01267525764327341
121 6.972324746244306 0.6562999400151345 -0.0060439582901272975 0.02938486971533482
122 1.100155309497449 0.04690144418060904 -0.01663536652878256 -0.02496526748210523
123 4.63378612880323 5.036353042184112 0.01668740568701444 -0.024930513260600914
124 3.7092731391557057 2.1661063797243068 -0.01677751546166132 -0.02486996129739078
125 4.101020517212042 5.695292734922779 0.010938356539825972 -0.02793478756331693
126 3.5990532603041694 4.10794252822459 -0.029999998261325378 1.0213739479031987e-05
127 0.446394283829443 1.8646822830760426 0.008737376700193856 -0.028699446830886995
128 6.556725808356496 3.4959389967469274 0.029973278194777905 0.001265936119419622
129 3.894660813933413 4.421164199564366 0.024580529909116175 0.017198765926282184
130 1.1371260451650458 2.2530701330493614 -0.02931300803605142 -0.0063833815394651735
131 4.976918941221738 5.6116088099951975 0.026995201216233174 0.013086600448362554
132 5.370319758028776 2.721413751829361 -0.027777642284018744 -0.011331486625376821
133 5.748573034263227 3.3130105061012074 0.02999877728810598 0.0002708527618774396
134 3.987883278107014 4.235483776241583 0.029110678218101274 0.0072504078286785975
135 1.6595290407400434 4.158460039834402 -0.002388510066061982 0.02990476583530325
136 0.8554748439035107 2.220185423295935 -0.00869610805393054 -0.028711978418673352
137 0.10062056555004428 2.6932200557434944 -0.022836526445976148 0.019454898094881712
138 5.283105284801799 2.2676947916818824 0.01921408085886988 -0.023039511643019046
139 2.494455268854253 2.2803127680154844 0.007183247843157278 0.029127323090592728
140 2.859891653398012 5.599721192004802 0.025893568538941703 0.015150020076525585
141 6.072716083275142 4.858242944418376 -0.0029110545139012056 -0.029858428652846006
142 2.359058241385606 6.663309692696404 -0.020991857459108126 0.021432263539264498
143 0.9628460397403368 1.3316304082184922 -0.007875047623617322 -0.02894794681710188
144 3.630313595316017 6.156470702528355 0.02636127639471623 0.014320722985987012
145 6.104434356156263 1.4443158421419464 -0.02475020049050913 0.01695368914660174
146 4.7768457170006835 2.49194446742173 0.02954044237776278 0.005230895155332113
147 5.273319017958796 5.967232498602642 0.022139662243620163 -0.02024439072282541
148 2.6544811786693954 5.363498543582796 0.01898499953753246 -0.023228641642590562
149 5.110163735128625 3.1114807913505835 -0.029251898989631958 -0.00665780785997679
150 3.0267559386617684 1.2498722748968858 -0.027656512676586097 -0.011623997013498946
151 4.962434572243127 2.8566199731659716 -0.029961558157833416 0.0015182334322382128
152 4.497406648070866 3.4845729417470572 0.022427277229099398 -0.019925291367734615
153 2.9494058066369915 4.960611342079886 -0.018332422476002534 0.023747047946247067
154 3.9586386744235047 2.2487961642103156 -0.009482268488630331 -0.02846202003213279
155 6.838999952904398 1.8016294776823831 -0.029245178249711304 -0.006687267688870611
156 1.9467940796743766 6.349983243931816 0.0019790097479489704 -0.029934654172338836
157 4.2297672078953035 5.358616232700246 0.016980812730460572 -0.024731599200476868
158 3.28290004665386 6.368084691867908 -0.029189798758424968 -0.006925001692610063
159 4.125577762421647 1.560203304961748 -0.005459647857899122 0.02949902108999106
160 2.066708316105198 5.787498236771133 0.00382598437734288 0.029755030558618625
161 3.4293033329960916 0.541740236887847 0.025699701599856194 -0.015476606142121369
162 1.5568506066952748 0.7315694364158969 -0.029889493339460293 0.002572583897632664
163 0.281104807364256 5.97946561745445 -0.02118065759021064 -0.021245699424736583
164 1.4095617576012482 3.8329494604161582 0.005857277322455158 0.029422649479063787
165 6.518695016969105 5.198363325272835 -0.029762287011571627 -0.0037691208312860777
166 6.8947054128915175 0.7448063591457322 -0.026935263943961372 0.013209525209830004
167 4.714242134999644 6.517928521977906 0.02817596801195753 0.010301205103731594
168 3.869225292345865 3.209097181398264 -0.026415283649458693 -0.01422085755918539
169 5.444418314557372 1.0498290026179118 -0.021433088276169895 -0.020991015386252962
170 5.987961687231055 2.431683812550806 0.02977089298368474 -0.0037005311718712086
171 2.7145422060881748 2.567076276058644 0.009748807556708051 -0.028371830240967393
172 5.528161036480426 5.123166797228958 0.026290088603906175 -0.014450994470926995
173 0.6982903116713475 3.4555736140793623 -0.023282847793790654 0.01891848298916109
174 1.8124809496893102 6.868872487739679 0.029527104373138883 -0.005305667473349852
175 3.9861819879340215 0.35301398082494195 0.02984200267302729 0.0030748782842629978
176 0.07400090455592334 2.218076985732056 0.02547941394555338 0.015836649424393404
177 5.638362146807973 3.045825067187093 0.02339755405647138 0.018776433744843554
178 4.327230438938334 1.3587480431146397 -0.014513869433664237 -0.026255429801520045
179 2.2955477566719633 4.3743389377643 0.00873684102800183 0.02869960990765247
180 3.5682237037930413 1.7332698231346795 0.006857599738453388 -0.029205707076308974
181 3.3973325496991382 2.7362576014848017 0.02999935616993863 0.0001965436062681102
182 2.955365496701548 1.5910194671926654 -0.027994420154581187 0.010784824533054706
183 1.506104815973277 5.967620332808296 0.025390975227488476 -0.015978059237500234
184 3.527133871707985 5.02933042558978 0.029636814137244134 -0.0046539496983149945
185 6.260058797292341 3.1052523368349956 0.01381335854655446 -0.026630642607048196
186 5.934004099766 4.550186662872784 0.02036521805427507 0.022028569940008104
187 4.763999100490864 3.444390899065268 -0.029673748660270623 -0.004412328234287123
188 0.9761048166118863 3.5531473985693056 -0.01125569785978341 -0.027808438749582238
189 1.54358235212608 6.438847805945371 -0.02085977761341252 -0.02156083667019844
190 1.0814207642661366 1.679715942298647 0.013396708335708564 -0.02684265645885214
191 5.844434221534018 3.948412259168757 0.01965462757980391 0.02266485417334979
192 2.9360623318800165 3.0565583900156037 0.025075814320496815 -0.016468258443562474
193 1.2944793503803322 3.4716841432940786 -0.029975165439189252 -0.001220433076098034
194 3.99335444082902 1.327308248125993 -0.013476867605766496 0.0268025006209615
195 6.946741941499503 2.2861706497626186 0.026982233288588054 -0.013113317153192422
196 0.3064767009754553 2.070824972298629 0.02528291603879015 0.016148503230190955
197 4.649836991446681 3.7390369108000345 0.023419517262680746 -0.01874903227324009
198 6.136987725849912 4.657517602922786 0.008544029724853495 0.028757599970456852
199 6.403886868747823 3.076516491146023 0.02599063187041189 0.014982892076522803
200 0.11610213143136794 3.979955273450915 -0.008542150038987582 0.02875815836786884
201 3.278460644734916 5.808193704996187 0.012415254148225795 0.027310464376040223
202 2.260278158845449 1.324423810755829 0.02999990128638854 7.695977483791836e-05
203 4.370876589819636 3.598263857553175 -0.018540138006781264 0.02358523442091481
204 6.809944415472073 4.719204721591541 -0.01456620371287263 -0.026226431503258225
205 2.119773410170489 4.894718391831025 -0.0214558526569485 0.020967746344405156
206 5.725948863787755 3.137550308652581 0.013132784067479338 0.026972763718925073
207 2.889122602845955 4.958520071066353 -0.028264310264682756 0.010056279891776532
208 6.8241191691497285 4.431373340473909 -0.02257090148092583 0.019762449401284753
209 0.7579275698956418 6.519568109969769 0.006832093800219258 0.029211684208634833
210 3.5795783273038233 2.599641883718986 -0.026819033349420204 0.013443937302839772
211 4.64468046019134 5.149502660177564 -0.028725433898651717 -0.008651557509153519
212 3.350143847792958 3.833924160376823 0.024658801624812713 -0.017086354275506924
213 1.4483407361124638 5.652604005780981 -0.016888134818664125 -0.024794977361284772
214 2.3409829438216803 6.78597085032468 0.02920559505368973 0.006858076812043874
215 1.398861987700907 3.462108603601804 0.028224423886638695 0.010167688836079665
216 3.853862289651147 0.37314726181919666 0.013347085105863918 -0.026867365318855245
217 5.227313971021674 2.9516146039670383 -0.01632021271506603 -0.0251724185753971
218 1.5592150374575304 1.170838866399265 0.02843340363838763 -0.00956773523549461
219 5.9932912206954345 6.880654138465337 -0.029800413073469235 -0.0034547620251768178
220 5.977171037987728 0.2144702194228626 0.023128813871420767 0.01910649022979297
221 1.12436460359861 0.6351997526630035 0.00922065253518398 -0.028547846973553104
222 3.0700204638496524 1.0834593785572157 -0.01676853423683812 0.024876017759038277
223 4.818336042215963 3.3386307260073544 0.02609001165671762 0.014809162425753137
224 2.1835707194981433 0.10645620906114361 0.02827784796237556 0.010018149261054777
225 5.9573800001888335 1.411025402269984 0.02402693395753689 0.01796403196947057
226 2.2029093045490393 1.6639330160917276 -0.021583061823620676 0.020836780997019855
227 3.7857729799576236 1.729690675687117 0.028053774955996823 0.010629473680210381
228 0.3271500032142558 6.450205572737659 0.0076648551326409945 0.029004309952067934
229 6.560538452119729 2.853979331793355 -0.029368271061327538 0.00612410441357684
230 1.5436485990756494 2.4596035924879853 0.026995453701902275 -0.013086079605002054
231 4.206948199625865 1.5114031681410118 0.016882776449284327 0.024798626158791345
232 6.159727063969415 0.5641604554382815 -0.029969382694728604 0.001355028005947351
233 5.741370817510374 0.35600286049085705 -0.020845976492246173 0.02157418049624875
234 5.051825500812225 6.179132513343079 0.008744801925370119 0.028697185215383808
235 3.319162128730284 3.8250724626914803 -0.025774012843223035 -0.0153525327538284
236 1.3736382448087396 1.6748713015378174 0.006851910388461471 -0.029207042370436854
237 1.1380675856289 3.6863714753902017 -0.019586731566387065 0.02272355488356292
238 1.486326476967612 4.715259798182693 0.014535523779990144 0.026243447723981333
239 0.8177221112594226 4.829414694596927 -0.002331137332653502 -0.02990929284915157
240 2.8844985831779977 2.4791352689284047 0.024952781284211314 0.016654089773455453
241 6.134648541122498 4.83129564384908 0.029882203167551462 -0.0026559242935703786
242 2.1849703633746933 3.7941941642433044 0.014470227214716379 0.026279507688586588
243 5.0233084541681166 5.434323428782621 -0.018968638475389602 0.02324200409581689
244 4.606490106720856 1.557379379366881 0.014769573132199764 -0.02611244357567102
245 6.0434340427485065 0.5954531574508228 0.029999832424574855 -0.00010027211689701647
246 5.112264009833935 1.2433782886045257 -0.01425748733962307 -0.026395530961897465
247 3.1186886422972657 1.535745401217758 -0.02189996226323707 0.020503454656930188
248 0.00038928047101749463 3.776067048269649 0.029417072122941642 -0.005885224525338832
249 6.844292761228131 4.867372908078485 0.004910021915200876 -0.029595467301467754
250 5.313008033323988 5.3652970957078985 -0.023263222814995065 0.01894260975314365
251 6.08042425200752 4.3570746500180615 -0.006333927562025658 0.029323733760198607
252 1.6565125790473414 5.346056520173188 -0.020463059159335224 -0.021937712046645765
253 1.777121869922674 5.570127644822263 0.02651415183477451 0.014035660030170418
254 4.2677206463196 4.535042482330914 0.0009544462697971666 -0.029984813361401304
255 6.583008325587478 3.9370270468310524 -0.01502300195499797 -0.025967468345222393
256 5.86787287862835 6.56321543077072 0.01854564557128644 0.023580903933993362
257 1.245569932979015 3.208086433891384 0.008641030073261016 -0.028728602459447947
258 3.7682692946006524 3.7109625463783846 0.026231579703902264 -0.01455693052253196
259 0.8316149725098144 1.2176687022029569 -0.021614101348258096 0.02080458177679204
260 2.8995352845996307 4.383172033089754 0.02999496578521759 0.0005495703263695876
261 2.300892619044618 6.572333426144108 -0.018738046434127898 0.023428308001912274
262 3.145197845136848 3.554198688581236 -0.027252044147236257 -0.012542969735955119
263 3.4064952773211417 0.8224399740512819 0.01945931701462962 -0.02283276114104788
264 3.4287849943908157 4.616859453909406 -0.0231087121271783 -0.01913079778323953
265 1.0053727456872126 6.9797474131838735 0.028935709374812237 -0.007919894126590526
266 6.664246164802916 6.5222522158615615 0.01198997982461887 0.02749982515953933
267 5.807690052297966 3.580588272049566 -0.018795696443985314 -0.02338208278117152
268 6.696272379328213 0.7792396849592974 -0.016945289506017775 -0.024755952083433265
269 1.698717617330879 1.1243548817774383 -0.007696843724594867 0.02899583757505833
270 2.719796406184854 0.4186944655324576 -0.023951790931317433 -0.018064100065667815
271 4.300847537606609 4.894643097109189 0.016329090616979652 -0.025166660478149798
272 4.837314876660884 4.304899999907059 0.01968266040292217 -0.02264051411658401
273 4.951266906762475 2.2448054544471114 0.01658148966302986 -0.025001083987596092
274 3.065019821054065 5.521700416033716 0.028254343301876383 -0.010084249331492814
275 0.21923169014054422 5.130918766131562 -0.02969601104521223 -0.004259921126339453
276 1.341595823214637 1.8447885971580125 -0.029896652784758962 0.0024880016614874383
277 6.988206778425269 5.486112448405489 0.017941453784598632 -0.024043798287606544
278 5.972267880171597 3.964090121261236 -0.006987746344530018 -0.02917484191944332
279 5.984582371032765 2.058512230713283 0.02508647335393548 -0.016452016735412262
280 6.668645300870757 2.7464668646303547 -0.018165047741571464 -0.023875322836485992
281 4.825294536544666 2.170293399480143 0.026140903883326728 0.014719142100091077
282 2.9376637879099263 6.04894649347593 0.008814705816724683 -0.028675790509846453
283 0.2000940795696765 1.0251277550880071 -0.004547295708580047 -0.029653365774203935
284 3.4447338666290848 3.6334052906829277 0.015962940899352088 -0.025400482630135047
285 4.637399112702631 4.956129492702279 0.01522218987751755 0.025851207618461505
286 5.838209834278851 6.929681500157113 0.02428363412244919 -0.017615479380562456
287 1.1927759717866513 2.230823107544371 0.018483153033799365 0.02362991861875858
288 6.873579008126967 4.50613024195137 -0.018970343290502956 -0.02324061263048953
289 2.363902910694467 0.8812901001041131 0.0180550321259694 0.023958627150365123
290 1.696529187182699 0.9460379576265676 -0.012839904005249734 -0.027113407479252248
291 1.0679992302009058 0.2519307606642658 0.02992910700783173 -0.002061202007023427
292 4.42371070526016 1.9085953004183236 -0.007486240432783487 0.029050924325786223
293 5.2547162635927975 6.063009627116958 -0.02579321499780261 -0.015320250000477483
294 3.7777179754623416 6.8513819998401155 0.02324682808469141 0.01896272617533678
295 5.191792057281093 1.319944414220192 0.0249291754452992 -0.01668940417203356
296 0.8321004070055155 1.5925616911739557 0.0002592123718117317 0.029998880128203113
297 6.025816338266353 4.136734549700382 0.005303479957251235 -0.029527497359969984
298 3.185222776781474 3.5707207725051204 0.018534812550176392 0.0235894197412701
299 0.36008110566578255 5.859579084292011 -0.023506781118190285 0.018639507543427553

