100
100
8
10
0 86.93685621376979 45.316159792589595 1.8372931176475649
1 82.3180461940837 76.0089453866058 3.3055377458133743
2 22.9934977552665 68.49379133753072 1.6273775223348683
3 60.95670247824078 20.500474278648863 4.665453606695795
4 63.60202409448068 84.97637525456767 1.605258725723048
5 1.4560898561951197 34.94839273456585 3.1647996991992473
6 78.1250069344576 79.86705777310715 2.4029026203452055
7 70.19293235595705 20.362590586797282 1.7087231067124176
8 6.745049347554466 27.036303346262645 2.234386443453044
9 29.62900975502315 85.98606342770842 2.175191302282187
10 17.61325779167915 83.68301668354212 3.680888956496556
11 11.548462946360939 65.92432668800349 3.3870314338450767
12 21.18750819114057 35.76920008191333 2.7469262721174568
13 79.50679972958132 20.421137371073616 1.2878004690112959
14 26.318421124682413 13.55341900811312 1.2129481786450231
15 87.12929815455826 55.59916192688529 4.420202819666706
16 45.68100056701694 27.62687560643323 2.6398209569730167
17 59.7368398545129 53.554253826974396 4.222722239088225
18 83.20075609650182 75.52388364730977 1.7921244821398448
19 12.657337929166957 14.923265384940876 1.1785785613788562
20 99.3972656839764 36.77006656780917 2.1005840389829786
21 55.106118794249895 8.78924636280669 3.0438546943738283
22 70.23137366651024 20.850507094500305 1.7737230876221193
23 24.015000420669185 82.68875399445955 4.773039091330494
24 26.233878032413827 16.085272548826 4.948565876974607
25 32.95943326948787 88.90107345360182 3.6503398998265166
26 84.40992063194747 63.22197181554819 3.3646193608167656
27 36.85532117300356 24.40030519162383 3.1200571361733265
28 54.81534796959837 9.458176275981579 4.857456001964085
29 24.081205747337208 62.354437339503896 2.384939757247614
30 84.43059998448561 96.14659629980518 3.2244077753000493
31 60.61308041981308 38.43514924349439 1.5698330547320398
32 69.79285750707234 1.2415380884430949 1.6054622817554298
33 26.12072763110057 70.65612513782078 2.7463368569228095
34 49.0916453539533 64.25390446368917 2.184634138342881
35 20.361545003617742 95.14281411015266 2.986632963425539
36 8.628627930053934 40.46220159241386 3.173536064671842
37 96.782644703256 4.427891439885434 2.797228217208878
38 17.57068700131825 23.983068043236045 2.8318832463663504
39 70.25662896032782 26.788236670066734 2.9520607219378183
40 44.76912956545522 16.262934236600636 3.757333346298415
41 70.55585560207729 47.575050325112244 4.943731721532547
42 28.218389560071934 51.790320681932315 1.050114886963065
43 4.042180436408294 23.660184014450547 2.9243551681845594
44 64.59729340932505 72.06700488379661 4.057383272319161
45 48.18606615849289 67.59323424277137 2.9631162736173153
46 97.18443310217204 23.526366368958385 2.039381035559026
47 23.65589061000194 83.01818008158877 1.7325495172719534
48 35.23861231590212 38.4654536634962 4.254944510461982
49 15.242780882243379 9.689084617947131 1.5570596738366596
50 3.89881736133606 91.84291235487323 4.2369303239808165
51 9.892276170975755 65.53794577882 4.394854080234011
52 0.9446125288869456 34.31613060962958 1.1461807811798255
53 33.44647429098103 27.044675741827707 1.4804343928865156
54 21.694031828689265 89.11230866629167 3.3643865211206334
55 85.11807987717593 78.87060235764471 4.6535757314889485
56 67.00189344152034 8.434313401558835 2.323546999047046
57 7.571047651026475 52.1162205877219 2.3841702070471094
58 50.707363497858815 71.9368949621172 4.706841122272401
59 25.062505546970204 57.7835207191461 2.6986503335317984
60 74.4664067878565 79.40813561572921 4.3104556813977535
61 82.85580335570913 67.75453164435133 4.961214301409245
62 59.26726849169661 6.172185248415129 4.1207399385530765
63 23.487569513243344 41.79587664696961 4.785230782865815
64 15.825452907436844 99.80643962627138 2.537769695341255
65 27.717516626940466 13.627683555117887 4.653098554104522
66 10.835738001805739 57.399069677679904 4.741164538761872
67 21.434887697615146 57.242587042586976 1.700060921986836
68 43.12580779303048 75.83113424181367 2.9042270936536436
69 11.017301076612284 74.00944671066905 3.707954682687775
70 56.10410324643291 22.898559315417288 2.3692339048346014
71 42.6090800291513 11.778013596307169 4.629119148720081
72 48.22380323885783 1.7964126469260489 3.707649685474448
73 84.68287343855707 7.972246245414427 3.331509452910473
74 91.59489500186304 79.21223674957265 2.9725141087070686
75 3.7155236262970237 65.92269453408942 1.3811785550181974
76 10.844401015416716 38.976694780574746 1.207388343997474
77 98.52935792656558 77.64501801591639 2.078237498701022
78 9.908970025040208 62.154938201111655 2.988153138946377
79 18.54752465629189 31.594068994536872 1.408650592948427
80 90.57887899576153 48.30747880206874 2.3936921208540944
81 18.451429660800713 17.011323068846217 4.373039924306429
82 96.27899091015519 64.29542049720062 1.2834020325415043
83 3.917833186335762 24.078083175183494 2.16791138411582
84 9.169410938280699 96.46952231439573 1.5338002243854234
85 10.922956931525862 59.31010677479345 2.461782338249423
86 93.77947734563928 84.46578514554557 1.2226981896836824
87 15.42161598768873 20.842966669039885 4.340455575057476
88 38.40654432170732 88.70123917581701 2.9786146914036
89 43.88795413988479 20.35012559107008 3.142711973272887
90 75.9936101349578 0.8751952792587447 3.0067578095222802
91 69.62856286376497 49.68597941758961 2.0202944360828274
92 7.395753950531436 66.79230522578658 2.073602786142691
93 18.04418101595868 11.234635832414142 1.1849344540541509
94 97.56103663466307 93.02402184912846 4.201639143955978
95 94.44130687358866 95.52745751715486 3.4963899486527543
96 54.019573371947985 37.40516214083879 1.3496727108298745
97 95.21823701012771 52.35456813611227 3.471977507062835
98 43.788607358472085 19.74848772991947 3.370142259680206
99 58.0623278162964 30.179545707188417 2.293407917794466
