1234
200
20
2
0.1
0.32
1.2
10
3
0 8.601560 16.041457
1 2.809504 4.615718
2 7.864078 12.142175
3 13.862483 5.361590
4 8.951580 19.071761
5 1.367318 16.669779
6 0.809396 16.979393
7 17.754310 17.834582
8 17.904105 2.844495
9 3.584092 12.749428
10 8.207639 4.611878
11 7.173116 10.783783
12 6.298606 7.123046
13 5.714803 0.120809
14 12.096085 9.271625
15 4.461197 1.112324
16 16.906708 3.379257
17 1.877488 10.756516
18 9.410783 15.516914
19 15.731437 6.637772
20 14.816684 9.302173
21 4.021379 17.711855
22 5.785362 6.656781
23 10.501912 1.231383
24 13.470765 10.255540
25 9.386323 5.282901
26 1.896519 14.924128
27 17.372144 11.247123
28 3.491561 1.397188
29 19.230077 1.636951
30 19.742723 7.221443
31 6.426325 8.192600
32 15.180994 3.859846
33 17.798022 16.837493
34 13.710465 14.408753
35 18.038956 19.965259
36 12.965654 5.853710
37 5.446137 4.106104
38 17.399361 0.908051
39 13.502499 11.273882
40 6.869735 8.208107
41 5.828627 8.875393
42 11.004592 9.187917
43 6.919211 6.803302
44 1.950177 10.802599
45 11.401357 7.871044
46 9.165853 8.409699
47 7.804736 10.635576
48 8.880572 16.830428
49 5.585033 6.525169
50 13.557644 8.645469
51 14.385063 18.019559
52 19.458291 15.995932
53 15.763079 9.246612
54 12.505596 19.328365
55 5.670065 0.198458
56 19.119866 2.275784
57 16.748874 1.104227
58 19.648474 10.904414
59 18.567694 2.530719
60 10.219496 8.274304
61 5.025089 19.784723
62 7.312252 19.766659
63 17.700880 19.153894
64 10.227859 4.987291
65 5.133249 5.602003
66 3.079340 1.657877
67 6.578426 9.279781
68 17.014212 11.081626
69 0.586963 17.245516
70 6.652147 9.476482
71 14.248037 11.395562
72 1.380441 0.166764
73 18.315522 2.633185
74 14.012490 7.171969
75 0.751551 8.007358
76 14.212942 9.577290
77 10.963790 14.729906
78 1.152801 9.308437
79 12.578736 13.610829
80 3.114753 19.398739
81 9.127286 10.766095
82 6.704948 17.552321
83 15.528262 13.400427
84 5.780651 13.659214
85 3.119192 15.944799
86 2.105669 3.898254
87 17.748200 8.552369
88 16.493955 2.615507
89 2.816955 7.753795
90 8.128958 8.327946
91 7.778881 2.343782
92 10.256484 12.948191
93 2.471309 6.709834
94 11.426283 14.630643
95 15.316143 0.657806
96 4.764742 4.728131
97 1.055010 19.930440
98 19.408149 9.896547
99 0.968850 6.908046
100 8.309367 2.691721
101 7.854365 9.312232
102 5.966928 1.375941
103 18.855111 3.618029
104 9.702554 5.828408
105 9.956437 19.290674
106 6.509390 5.246887
107 9.151759 11.578800
108 7.873708 6.625184
109 10.717345 8.958278
110 4.017813 0.540501
111 2.808679 19.385495
112 13.870447 5.616483
113 5.071608 9.221358
114 9.551749 18.847380
115 1.840556 1.851570
116 8.119491 13.701212
117 10.253097 12.487003
118 18.075814 16.205845
119 9.553748 15.579817
120 5.369557 1.609502
121 0.449245 12.352008
122 9.373383 14.248863
123 2.663972 8.508020
124 18.739171 16.210278
125 13.163345 8.121199
126 5.180770 18.161641
127 16.923606 5.963003
128 3.022971 4.420163
129 19.893912 1.463235
130 8.744072 16.866642
131 10.081844 10.752909
132 18.792684 3.455097
133 9.863235 10.754883
134 12.176008 5.101354
135 8.022776 10.323750
136 9.477155 18.561055
137 13.546021 15.343156
138 2.066265 18.949204
139 6.863132 16.712216
140 15.249868 9.125233
141 1.466558 18.045255
142 11.185123 8.265707
143 18.008101 4.648378
144 15.267125 12.401474
145 3.762632 15.416628
146 9.061851 9.692215
147 14.534140 17.848156
148 4.935859 7.648069
149 17.202327 2.242936
150 15.931955 5.514267
151 9.269024 0.038770
152 3.162228 13.162678
153 13.427880 5.079799
154 12.663830 17.501311
155 19.601453 11.737342
156 16.666383 14.992388
157 5.272377 15.002266
158 6.184852 7.959038
159 12.115775 16.045219
160 15.332376 17.779383
161 16.475224 15.243441
162 1.632852 4.465704
163 19.038650 10.120044
164 12.810931 10.233496
165 6.715961 12.246094
166 6.024869 8.461903
167 13.301582 19.160808
168 9.992199 2.179863
169 1.802686 9.574176
170 4.057373 3.367006
171 18.067698 19.660656
172 9.265351 7.682822
173 18.201795 7.079474
174 14.024564 8.081082
175 9.385674 17.590039
176 19.186014 0.014463
177 14.585982 17.987118
178 15.630647 19.275492
179 6.464987 6.451118
180 12.656685 7.934145
181 18.108199 7.472789
182 2.966537 9.929059
183 10.669623 10.106222
184 11.672837 3.798780
185 6.098052 11.160637
186 6.028286 12.780771
187 3.076981 1.435640
188 2.672042 11.051127
189 1.901903 0.462079
190 1.422577 1.690206
191 7.563137 18.915203
192 16.716640 2.144550
193 13.949279 9.725809
194 1.471811 7.746669
195 4.660933 14.276055
196 2.469606 4.330351
197 11.533105 18.352750
198 10.185827 9.903825
199 2.917633 8.171327
